version https://git-lfs.github.com/spec/v1
oid sha256:efb14852186a481a215f8ec04f9bd6ca214aa44577763e414605d8590f7165de
size 1567
