version https://git-lfs.github.com/spec/v1
oid sha256:5f8124bdc3f9620c94fc92d5a6dd9fb1069fbb78bc5481375b7fffa13dc33f0d
size 1523
