version https://git-lfs.github.com/spec/v1
oid sha256:27eedf7eb0b250a2c8c34fa3ff68b28646609813d7221cb74f99a4218e688b80
size 1519
