version https://git-lfs.github.com/spec/v1
oid sha256:4164ebf5c483278ff5c8145574a248c4833452d8fb3197de8469a6f3985e46b3
size 25126
